{
 "cells": [
  {
   "cell_type": "markdown",
   "id": "0d59fd8d",
   "metadata": {},
   "source": [
    "  ## 1. Introduction\n",
    "\n",
    "* Project\n",
    "\n",
    "We aim to develop Python-based data analysis software The goal is to develop software that can analyze Micro Led data in detail."
   ]
  },
  {
   "cell_type": "markdown",
   "id": "f08ad02a",
   "metadata": {},
   "source": [
    "## 2. Project information\n",
    " \n",
    "    \n",
    "* **Detailed project**\n",
    "    \n",
    "  At first,\n",
    "\n",
    "  The main task is to receive data from the customer and then receive the request.\n",
    " \n",
    "  Main request \n",
    "  + Wafer\n",
    "  + Die row & colum\n",
    "  + option\n",
    " \n",
    "  We can analyze the selected data by specifying specific elements In order to develop such analysis software, a black box(software) that implments this function is created to solve the customer's request.\n",
    "\n",
    "  In the software,\n",
    "  * We process the raw data and print it out. \n",
    "  * We show the processed data as a figure and save the file. \n",
    " \n",
    " **You can selectively output only the graph you want.**\n",
    " \n",
    "  Please put the data in the 'dat' folder\n",
    "  specify the file path\n",
    "  Run the run.py "
   ]
  },
  {
   "cell_type": "markdown",
   "id": "ready-singer",
   "metadata": {},
   "source": [
    "* **Run file description** \n",
    "\n",
    "   Data is processed by selecting only files in \"dat\"\n",
    "   \n",
    "   Load the module that processes and fits raw data and the module that makes the data parsed from accel, respectively."
   ]
  },
  {
   "cell_type": "markdown",
   "id": "western-salvation",
   "metadata": {},
   "source": [
    "## 3. Install and Run \n",
    "\n",
    " * Getting Stared\n",
    "    + Entered the Terminal, write down 'pip install -r requirements.txt' and download it. \\\n",
    " ``pip install -r requirements.txt``\n",
    "\n",
    "\n",
    " * How to Run\n",
    "   + Choose the raw data folder customer want to analyze.\n"
   ]
  },
  {
   "cell_type": "markdown",
   "id": "d8784685",
   "metadata": {},
   "source": [
    "## 4. Description of the module file feature"
   ]
  },
  {
   "cell_type": "markdown",
   "id": "divided-simulation",
   "metadata": {},
   "source": [
    "\n",
    " ### 1) Fitting module \n",
    " \n",
    "   * The graph is drawn by parsing the raw data of PL data, EL data in the Accel file.\n",
    "   * The fitting of parsing a raw data and displays the data value y-axis corresponding to x-axis and stored in the graph to visualize the image."
   ]
  },
  {
   "cell_type": "markdown",
   "id": "c7a7cc43",
   "metadata": {},
   "source": [
    "## 5. Example of analysis result"
   ]
  },
  {
   "cell_type": "code",
   "execution_count": 1,
   "id": "jewish-serial",
   "metadata": {},
   "outputs": [
    {
     "name": "stdout",
     "output_type": "stream",
     "text": [
      "C:\\Users\\ASDL\\Desktop\\micro_led_analysis\n"
     ]
    }
   ],
   "source": [
    "import os\n",
    "\n",
    "os.chdir('../')\n",
    "print(os.getcwd())"
   ]
  },
  {
   "cell_type": "markdown",
   "id": "appointed-cartridge",
   "metadata": {},
   "source": [
    "  ❗caution❗\n",
    ">\n",
    "> If an error occurs, please refresh the jupyter notebook or restart the kernel "
   ]
  },
  {
   "cell_type": "code",
   "execution_count": 2,
   "id": "78d4e398",
   "metadata": {},
   "outputs": [],
   "source": [
    "# 필요한 라이브러리 호출\n",
    "import pandas as pd\n",
    "import seaborn as sns\n",
    "import matplotlib.pyplot as plt\n",
    "from matplotlib import font_manager, rc\n",
    "from sklearn.preprocessing import StandardScaler\n",
    "from sklearn.ensemble import RandomForestClassifier"
   ]
  },
  {
   "cell_type": "code",
   "execution_count": 3,
   "id": "167ff37e",
   "metadata": {},
   "outputs": [],
   "source": [
    "df = pd.read_excel('./dat/Ver6.xlsx')  # excel file 불러오기\n",
    "df.drop(['No',' X Index',' Y Index',' X Size',' Y Size'],axis=1,inplace=True) #불필요한 column 지우기\n",
    "df['PL JudgeType'].unique()  # PL JudgeType을 고유값으로 설정\n",
    "for i in range(0,7590):\n",
    "    if df.loc[i,'PL JudgeType'] == 'PL OK': # PL JudgeType를 1과 0으로 치환\n",
    "        df.loc[i,'PL JudgeType'] = 1\n",
    "    else:\n",
    "        df.loc[i,'PL JudgeType'] = 0\n",
    "\n",
    "for i in range(0,7590):                   # Itself Judge를 1과 0으로 치환\n",
    "    if df.loc[i,'Itself Judge'] == 'EL OK':\n",
    "        df.loc[i,'Itself Judge'] = 1\n",
    "        df.loc[i,'Error flag'] = 'No error' # Ok일 경우 Error Flag column에 No error를 출력\n",
    "    else:\n",
    "        df.loc[i,'Error flag'] = df.loc[i,'Itself Judge'] # Error 발생 시 Effor flage에 Error 문구 출력\n",
    "        df.loc[i,'Itself Judge'] = 0\n",
    "\n",
    "df.to_excel('./dat/Ver6_substitution.xlsx') # 치환된 excel 파일 저장"
   ]
  },
  {
   "cell_type": "code",
   "execution_count": 4,
   "id": "f83e9c2c",
   "metadata": {},
   "outputs": [
    {
     "data": {
      "text/plain": [
       "array([1, 0], dtype=int64)"
      ]
     },
     "execution_count": 4,
     "metadata": {},
     "output_type": "execute_result"
    }
   ],
   "source": [
    "df_1 = pd.read_excel('./dat/Ver6_substitution.xlsx') # 치환된 excel 파일 불러오기\n",
    "df_1.drop(['Unnamed: 0',' PL_Min Value','Error flag'],axis=1,inplace=True) #불필요한 column 지우기\n",
    "df_1['PL JudgeType'].unique()   # PL JudgeType을 고유값으로 설정"
   ]
  },
  {
   "cell_type": "code",
   "execution_count": 5,
   "id": "240db5f6",
   "metadata": {
    "scrolled": true
   },
   "outputs": [
    {
     "data": {
      "text/html": [
       "<div>\n",
       "<style scoped>\n",
       "    .dataframe tbody tr th:only-of-type {\n",
       "        vertical-align: middle;\n",
       "    }\n",
       "\n",
       "    .dataframe tbody tr th {\n",
       "        vertical-align: top;\n",
       "    }\n",
       "\n",
       "    .dataframe thead th {\n",
       "        text-align: right;\n",
       "    }\n",
       "</style>\n",
       "<table border=\"1\" class=\"dataframe\">\n",
       "  <thead>\n",
       "    <tr style=\"text-align: right;\">\n",
       "      <th></th>\n",
       "      <th>PL JudgeType</th>\n",
       "      <th>PL_Sum</th>\n",
       "      <th>PL_Average</th>\n",
       "      <th>PL_Max Value</th>\n",
       "      <th>EL_PW</th>\n",
       "      <th>EL_PI</th>\n",
       "      <th>EL_DW</th>\n",
       "      <th>EL_II</th>\n",
       "      <th>EL_FWHM</th>\n",
       "      <th>EL_IR(A)</th>\n",
       "      <th>EL_VR(V)</th>\n",
       "      <th>EL_VF1(V)</th>\n",
       "      <th>EL_VF2(V)</th>\n",
       "      <th>EL_VF3(V)</th>\n",
       "      <th>EL_PO-Top(W)</th>\n",
       "      <th>Itself Judge</th>\n",
       "    </tr>\n",
       "  </thead>\n",
       "  <tbody>\n",
       "    <tr>\n",
       "      <th>PL JudgeType</th>\n",
       "      <td>1.000000</td>\n",
       "      <td>0.221748</td>\n",
       "      <td>0.217961</td>\n",
       "      <td>0.316268</td>\n",
       "      <td>0.091623</td>\n",
       "      <td>0.086054</td>\n",
       "      <td>0.011777</td>\n",
       "      <td>0.071894</td>\n",
       "      <td>0.098022</td>\n",
       "      <td>0.428941</td>\n",
       "      <td>0.008965</td>\n",
       "      <td>-0.007796</td>\n",
       "      <td>-0.004805</td>\n",
       "      <td>-0.002067</td>\n",
       "      <td>0.125642</td>\n",
       "      <td>0.109088</td>\n",
       "    </tr>\n",
       "    <tr>\n",
       "      <th>PL_Sum</th>\n",
       "      <td>0.221748</td>\n",
       "      <td>1.000000</td>\n",
       "      <td>0.988944</td>\n",
       "      <td>0.872823</td>\n",
       "      <td>-0.076567</td>\n",
       "      <td>-0.061167</td>\n",
       "      <td>-0.038001</td>\n",
       "      <td>-0.017079</td>\n",
       "      <td>-0.013838</td>\n",
       "      <td>0.229400</td>\n",
       "      <td>-0.092440</td>\n",
       "      <td>0.178227</td>\n",
       "      <td>0.180804</td>\n",
       "      <td>0.161638</td>\n",
       "      <td>0.119837</td>\n",
       "      <td>-0.093483</td>\n",
       "    </tr>\n",
       "    <tr>\n",
       "      <th>PL_Average</th>\n",
       "      <td>0.217961</td>\n",
       "      <td>0.988944</td>\n",
       "      <td>1.000000</td>\n",
       "      <td>0.861703</td>\n",
       "      <td>-0.075193</td>\n",
       "      <td>-0.060099</td>\n",
       "      <td>-0.035753</td>\n",
       "      <td>-0.015862</td>\n",
       "      <td>-0.013066</td>\n",
       "      <td>0.228208</td>\n",
       "      <td>-0.088929</td>\n",
       "      <td>0.176178</td>\n",
       "      <td>0.179227</td>\n",
       "      <td>0.160318</td>\n",
       "      <td>0.116901</td>\n",
       "      <td>-0.093022</td>\n",
       "    </tr>\n",
       "    <tr>\n",
       "      <th>PL_Max Value</th>\n",
       "      <td>0.316268</td>\n",
       "      <td>0.872823</td>\n",
       "      <td>0.861703</td>\n",
       "      <td>1.000000</td>\n",
       "      <td>-0.033593</td>\n",
       "      <td>-0.004186</td>\n",
       "      <td>-0.025751</td>\n",
       "      <td>0.045088</td>\n",
       "      <td>0.049945</td>\n",
       "      <td>0.294392</td>\n",
       "      <td>-0.093397</td>\n",
       "      <td>0.133408</td>\n",
       "      <td>0.136986</td>\n",
       "      <td>0.119904</td>\n",
       "      <td>0.151975</td>\n",
       "      <td>-0.046161</td>\n",
       "    </tr>\n",
       "    <tr>\n",
       "      <th>EL_PW</th>\n",
       "      <td>0.091623</td>\n",
       "      <td>-0.076567</td>\n",
       "      <td>-0.075193</td>\n",
       "      <td>-0.033593</td>\n",
       "      <td>1.000000</td>\n",
       "      <td>0.287047</td>\n",
       "      <td>0.180358</td>\n",
       "      <td>0.238506</td>\n",
       "      <td>0.342468</td>\n",
       "      <td>0.145804</td>\n",
       "      <td>0.039377</td>\n",
       "      <td>-0.346514</td>\n",
       "      <td>-0.349235</td>\n",
       "      <td>-0.329754</td>\n",
       "      <td>0.317766</td>\n",
       "      <td>0.333204</td>\n",
       "    </tr>\n",
       "    <tr>\n",
       "      <th>EL_PI</th>\n",
       "      <td>0.086054</td>\n",
       "      <td>-0.061167</td>\n",
       "      <td>-0.060099</td>\n",
       "      <td>-0.004186</td>\n",
       "      <td>0.287047</td>\n",
       "      <td>1.000000</td>\n",
       "      <td>0.409502</td>\n",
       "      <td>0.957829</td>\n",
       "      <td>0.788333</td>\n",
       "      <td>0.098191</td>\n",
       "      <td>0.059557</td>\n",
       "      <td>-0.738194</td>\n",
       "      <td>-0.741803</td>\n",
       "      <td>-0.723021</td>\n",
       "      <td>0.707122</td>\n",
       "      <td>0.703333</td>\n",
       "    </tr>\n",
       "    <tr>\n",
       "      <th>EL_DW</th>\n",
       "      <td>0.011777</td>\n",
       "      <td>-0.038001</td>\n",
       "      <td>-0.035753</td>\n",
       "      <td>-0.025751</td>\n",
       "      <td>0.180358</td>\n",
       "      <td>0.409502</td>\n",
       "      <td>1.000000</td>\n",
       "      <td>0.346822</td>\n",
       "      <td>0.483469</td>\n",
       "      <td>0.058521</td>\n",
       "      <td>0.044171</td>\n",
       "      <td>-0.486118</td>\n",
       "      <td>-0.493530</td>\n",
       "      <td>-0.482793</td>\n",
       "      <td>0.452881</td>\n",
       "      <td>0.459372</td>\n",
       "    </tr>\n",
       "    <tr>\n",
       "      <th>EL_II</th>\n",
       "      <td>0.071894</td>\n",
       "      <td>-0.017079</td>\n",
       "      <td>-0.015862</td>\n",
       "      <td>0.045088</td>\n",
       "      <td>0.238506</td>\n",
       "      <td>0.957829</td>\n",
       "      <td>0.346822</td>\n",
       "      <td>1.000000</td>\n",
       "      <td>0.774099</td>\n",
       "      <td>0.080066</td>\n",
       "      <td>0.036717</td>\n",
       "      <td>-0.609508</td>\n",
       "      <td>-0.610494</td>\n",
       "      <td>-0.592949</td>\n",
       "      <td>0.574392</td>\n",
       "      <td>0.573297</td>\n",
       "    </tr>\n",
       "    <tr>\n",
       "      <th>EL_FWHM</th>\n",
       "      <td>0.098022</td>\n",
       "      <td>-0.013838</td>\n",
       "      <td>-0.013066</td>\n",
       "      <td>0.049945</td>\n",
       "      <td>0.342468</td>\n",
       "      <td>0.788333</td>\n",
       "      <td>0.483469</td>\n",
       "      <td>0.774099</td>\n",
       "      <td>1.000000</td>\n",
       "      <td>0.113489</td>\n",
       "      <td>0.041093</td>\n",
       "      <td>-0.826021</td>\n",
       "      <td>-0.825207</td>\n",
       "      <td>-0.809495</td>\n",
       "      <td>0.814380</td>\n",
       "      <td>0.769941</td>\n",
       "    </tr>\n",
       "    <tr>\n",
       "      <th>EL_IR(A)</th>\n",
       "      <td>0.428941</td>\n",
       "      <td>0.229400</td>\n",
       "      <td>0.228208</td>\n",
       "      <td>0.294392</td>\n",
       "      <td>0.145804</td>\n",
       "      <td>0.098191</td>\n",
       "      <td>0.058521</td>\n",
       "      <td>0.080066</td>\n",
       "      <td>0.113489</td>\n",
       "      <td>1.000000</td>\n",
       "      <td>0.046047</td>\n",
       "      <td>0.086238</td>\n",
       "      <td>0.094179</td>\n",
       "      <td>0.097118</td>\n",
       "      <td>0.114730</td>\n",
       "      <td>0.112333</td>\n",
       "    </tr>\n",
       "    <tr>\n",
       "      <th>EL_VR(V)</th>\n",
       "      <td>0.008965</td>\n",
       "      <td>-0.092440</td>\n",
       "      <td>-0.088929</td>\n",
       "      <td>-0.093397</td>\n",
       "      <td>0.039377</td>\n",
       "      <td>0.059557</td>\n",
       "      <td>0.044171</td>\n",
       "      <td>0.036717</td>\n",
       "      <td>0.041093</td>\n",
       "      <td>0.046047</td>\n",
       "      <td>1.000000</td>\n",
       "      <td>-0.061964</td>\n",
       "      <td>-0.065882</td>\n",
       "      <td>-0.049609</td>\n",
       "      <td>0.020244</td>\n",
       "      <td>0.060771</td>\n",
       "    </tr>\n",
       "    <tr>\n",
       "      <th>EL_VF1(V)</th>\n",
       "      <td>-0.007796</td>\n",
       "      <td>0.178227</td>\n",
       "      <td>0.176178</td>\n",
       "      <td>0.133408</td>\n",
       "      <td>-0.346514</td>\n",
       "      <td>-0.738194</td>\n",
       "      <td>-0.486118</td>\n",
       "      <td>-0.609508</td>\n",
       "      <td>-0.826021</td>\n",
       "      <td>0.086238</td>\n",
       "      <td>-0.061964</td>\n",
       "      <td>1.000000</td>\n",
       "      <td>0.984790</td>\n",
       "      <td>0.962368</td>\n",
       "      <td>-0.863024</td>\n",
       "      <td>-0.873736</td>\n",
       "    </tr>\n",
       "    <tr>\n",
       "      <th>EL_VF2(V)</th>\n",
       "      <td>-0.004805</td>\n",
       "      <td>0.180804</td>\n",
       "      <td>0.179227</td>\n",
       "      <td>0.136986</td>\n",
       "      <td>-0.349235</td>\n",
       "      <td>-0.741803</td>\n",
       "      <td>-0.493530</td>\n",
       "      <td>-0.610494</td>\n",
       "      <td>-0.825207</td>\n",
       "      <td>0.094179</td>\n",
       "      <td>-0.065882</td>\n",
       "      <td>0.984790</td>\n",
       "      <td>1.000000</td>\n",
       "      <td>0.967201</td>\n",
       "      <td>-0.868294</td>\n",
       "      <td>-0.886082</td>\n",
       "    </tr>\n",
       "    <tr>\n",
       "      <th>EL_VF3(V)</th>\n",
       "      <td>-0.002067</td>\n",
       "      <td>0.161638</td>\n",
       "      <td>0.160318</td>\n",
       "      <td>0.119904</td>\n",
       "      <td>-0.329754</td>\n",
       "      <td>-0.723021</td>\n",
       "      <td>-0.482793</td>\n",
       "      <td>-0.592949</td>\n",
       "      <td>-0.809495</td>\n",
       "      <td>0.097118</td>\n",
       "      <td>-0.049609</td>\n",
       "      <td>0.962368</td>\n",
       "      <td>0.967201</td>\n",
       "      <td>1.000000</td>\n",
       "      <td>-0.871447</td>\n",
       "      <td>-0.913215</td>\n",
       "    </tr>\n",
       "    <tr>\n",
       "      <th>EL_PO-Top(W)</th>\n",
       "      <td>0.125642</td>\n",
       "      <td>0.119837</td>\n",
       "      <td>0.116901</td>\n",
       "      <td>0.151975</td>\n",
       "      <td>0.317766</td>\n",
       "      <td>0.707122</td>\n",
       "      <td>0.452881</td>\n",
       "      <td>0.574392</td>\n",
       "      <td>0.814380</td>\n",
       "      <td>0.114730</td>\n",
       "      <td>0.020244</td>\n",
       "      <td>-0.863024</td>\n",
       "      <td>-0.868294</td>\n",
       "      <td>-0.871447</td>\n",
       "      <td>1.000000</td>\n",
       "      <td>0.838383</td>\n",
       "    </tr>\n",
       "    <tr>\n",
       "      <th>Itself Judge</th>\n",
       "      <td>0.109088</td>\n",
       "      <td>-0.093483</td>\n",
       "      <td>-0.093022</td>\n",
       "      <td>-0.046161</td>\n",
       "      <td>0.333204</td>\n",
       "      <td>0.703333</td>\n",
       "      <td>0.459372</td>\n",
       "      <td>0.573297</td>\n",
       "      <td>0.769941</td>\n",
       "      <td>0.112333</td>\n",
       "      <td>0.060771</td>\n",
       "      <td>-0.873736</td>\n",
       "      <td>-0.886082</td>\n",
       "      <td>-0.913215</td>\n",
       "      <td>0.838383</td>\n",
       "      <td>1.000000</td>\n",
       "    </tr>\n",
       "  </tbody>\n",
       "</table>\n",
       "</div>"
      ],
      "text/plain": [
       "              PL JudgeType    PL_Sum  PL_Average  PL_Max Value     EL_PW   \n",
       "PL JudgeType      1.000000  0.221748    0.217961      0.316268  0.091623  \\\n",
       " PL_Sum           0.221748  1.000000    0.988944      0.872823 -0.076567   \n",
       "PL_Average        0.217961  0.988944    1.000000      0.861703 -0.075193   \n",
       "PL_Max Value      0.316268  0.872823    0.861703      1.000000 -0.033593   \n",
       "EL_PW             0.091623 -0.076567   -0.075193     -0.033593  1.000000   \n",
       "EL_PI             0.086054 -0.061167   -0.060099     -0.004186  0.287047   \n",
       "EL_DW             0.011777 -0.038001   -0.035753     -0.025751  0.180358   \n",
       "EL_II             0.071894 -0.017079   -0.015862      0.045088  0.238506   \n",
       "EL_FWHM           0.098022 -0.013838   -0.013066      0.049945  0.342468   \n",
       "EL_IR(A)          0.428941  0.229400    0.228208      0.294392  0.145804   \n",
       "EL_VR(V)          0.008965 -0.092440   -0.088929     -0.093397  0.039377   \n",
       "EL_VF1(V)        -0.007796  0.178227    0.176178      0.133408 -0.346514   \n",
       "EL_VF2(V)        -0.004805  0.180804    0.179227      0.136986 -0.349235   \n",
       "EL_VF3(V)        -0.002067  0.161638    0.160318      0.119904 -0.329754   \n",
       "EL_PO-Top(W)      0.125642  0.119837    0.116901      0.151975  0.317766   \n",
       "Itself Judge      0.109088 -0.093483   -0.093022     -0.046161  0.333204   \n",
       "\n",
       "                 EL_PI     EL_DW     EL_II   EL_FWHM  EL_IR(A)  EL_VR(V)   \n",
       "PL JudgeType  0.086054  0.011777  0.071894  0.098022  0.428941  0.008965  \\\n",
       " PL_Sum      -0.061167 -0.038001 -0.017079 -0.013838  0.229400 -0.092440   \n",
       "PL_Average   -0.060099 -0.035753 -0.015862 -0.013066  0.228208 -0.088929   \n",
       "PL_Max Value -0.004186 -0.025751  0.045088  0.049945  0.294392 -0.093397   \n",
       "EL_PW         0.287047  0.180358  0.238506  0.342468  0.145804  0.039377   \n",
       "EL_PI         1.000000  0.409502  0.957829  0.788333  0.098191  0.059557   \n",
       "EL_DW         0.409502  1.000000  0.346822  0.483469  0.058521  0.044171   \n",
       "EL_II         0.957829  0.346822  1.000000  0.774099  0.080066  0.036717   \n",
       "EL_FWHM       0.788333  0.483469  0.774099  1.000000  0.113489  0.041093   \n",
       "EL_IR(A)      0.098191  0.058521  0.080066  0.113489  1.000000  0.046047   \n",
       "EL_VR(V)      0.059557  0.044171  0.036717  0.041093  0.046047  1.000000   \n",
       "EL_VF1(V)    -0.738194 -0.486118 -0.609508 -0.826021  0.086238 -0.061964   \n",
       "EL_VF2(V)    -0.741803 -0.493530 -0.610494 -0.825207  0.094179 -0.065882   \n",
       "EL_VF3(V)    -0.723021 -0.482793 -0.592949 -0.809495  0.097118 -0.049609   \n",
       "EL_PO-Top(W)  0.707122  0.452881  0.574392  0.814380  0.114730  0.020244   \n",
       "Itself Judge  0.703333  0.459372  0.573297  0.769941  0.112333  0.060771   \n",
       "\n",
       "              EL_VF1(V)  EL_VF2(V)  EL_VF3(V)  EL_PO-Top(W)  Itself Judge  \n",
       "PL JudgeType  -0.007796  -0.004805  -0.002067      0.125642      0.109088  \n",
       " PL_Sum        0.178227   0.180804   0.161638      0.119837     -0.093483  \n",
       "PL_Average     0.176178   0.179227   0.160318      0.116901     -0.093022  \n",
       "PL_Max Value   0.133408   0.136986   0.119904      0.151975     -0.046161  \n",
       "EL_PW         -0.346514  -0.349235  -0.329754      0.317766      0.333204  \n",
       "EL_PI         -0.738194  -0.741803  -0.723021      0.707122      0.703333  \n",
       "EL_DW         -0.486118  -0.493530  -0.482793      0.452881      0.459372  \n",
       "EL_II         -0.609508  -0.610494  -0.592949      0.574392      0.573297  \n",
       "EL_FWHM       -0.826021  -0.825207  -0.809495      0.814380      0.769941  \n",
       "EL_IR(A)       0.086238   0.094179   0.097118      0.114730      0.112333  \n",
       "EL_VR(V)      -0.061964  -0.065882  -0.049609      0.020244      0.060771  \n",
       "EL_VF1(V)      1.000000   0.984790   0.962368     -0.863024     -0.873736  \n",
       "EL_VF2(V)      0.984790   1.000000   0.967201     -0.868294     -0.886082  \n",
       "EL_VF3(V)      0.962368   0.967201   1.000000     -0.871447     -0.913215  \n",
       "EL_PO-Top(W)  -0.863024  -0.868294  -0.871447      1.000000      0.838383  \n",
       "Itself Judge  -0.873736  -0.886082  -0.913215      0.838383      1.000000  "
      ]
     },
     "execution_count": 5,
     "metadata": {},
     "output_type": "execute_result"
    }
   ],
   "source": [
    "df_1.corr() # 각 Column 별 상관관계 파악"
   ]
  },
  {
   "cell_type": "code",
   "execution_count": 6,
   "id": "fb24bece",
   "metadata": {},
   "outputs": [
    {
     "data": {
